25 55
0.00000 54.99990
25 55
0.12037 57.45033
25 55
0.48035 59.87716
25 55
1.07646 62.25702
25 55
1.90297 64.56699
25 55
2.95192 66.78482
25 55
4.21320 68.88916
25 55
5.67467 70.85974
25 55
7.32225 72.67759
25 55
9.14008 74.32519
25 55
11.11064 75.78667
25 55
13.21497 77.04797
25 55
15.43280 78.09694
25 55
17.74276 78.92347
25 55
20.12262 79.51961
25 55
22.54944 79.87961
25 55
24.99987 80.00000
25 55
27.45029 79.87963
25 55
29.87712 79.51966
25 55
32.25698 78.92355
25 55
34.56696 78.09704
25 55
36.78479 77.04810
25 55
38.88914 75.78682
25 55
40.85972 74.32535
25 55
42.67756 72.67778
25 55
44.32517 70.85995
25 55
45.78666 68.88938
25 55
47.04796 66.78506
25 55
48.09693 64.56723
25 55
48.92346 62.25727
25 55
49.51960 59.87742
25 55
49.87960 57.45059
25 55
50 55
25 55
